5 0.0625 0.609375 0.125 0.265625
5 0.93984375 0.6296875 0.0953125 0.0734375
6 0.5515625 0.30546875 0.059375 0.0921875
6 0.46640625 0.40390625 0.0984375 0.140625
6 0.20390625 0.4375 0.0546875 0.090625
6 0.525 0.434375 0.0796875 0.1375
6 0.50390625 0.40234375 0.0609375 0.1234375
6 0.54921875 0.23125 0.034375 0.040625
6 0.540625 0.284375 0.0484375 0.084375
4 0.515625 0.80234375 0.86875 0.3953125
3 0.478125 0.5421875 0.340625 0.303125
5 0.81640625 0.6 0.103125 0.084375
7 0.28984375 0.425 0.18125 0.2625