5 0.16015625 0.325 0.3203125 0.284375
5 0.440625 0.4328125 0.053125 0.0984375
5 0.48359375 0.43359375 0.05 0.1
6 0.63359375 0.3390625 0.0328125 0.0671875
6 0.7296875 0.334375 0.028125 0.0546875
6 0.709375 0.33828125 0.0328125 0.0703125
6 0.3390625 0.3390625 0.0265625 0.0609375
6 0.67109375 0.34140625 0.0375 0.0703125
4 0.525 0.73515625 0.95 0.5296875
5 0.89921875 0.3734375 0.196875 0.1859375
4 0.6890625 0.42890625 0.2171875 0.1140625
5 0.55703125 0.33671875 0.090625 0.184375
7 0.46171875 0.34375 0.15625 0.253125