6 0.778125 0.5625 0.0515625 0.0828125
6 0.540625 0.3 0.0609375 0.0890625
6 0.578125 0.415625 0.09375 0.134375
6 0.503125 0.41484375 0.09375 0.134375
6 0.56015625 0.28046875 0.05 0.0890625
6 0.54375 0.3984375 0.0625 0.1171875
6 0.503125 0.38203125 0.06875 0.115625
4 0.40859375 0.7828125 0.8171875 0.434375
5 0.8765625 0.79296875 0.1875 0.271875
5 0.1796875 0.465625 0.1203125 0.0890625
5 0.04921875 0.42890625 0.0984375 0.071875
3 0.4953125 0.5859375 0.346875 0.2640625
7 0.725 0.51640625 0.190625 0.2765625