5 0.19609375 0.25703125 0.3609375 0.315625
5 0.45625 0.421875 0.0625 0.1015625
5 0.49765625 0.43125 0.059375 0.103125
6 0.66484375 0.3703125 0.0390625 0.0703125
6 0.759375 0.3859375 0.0328125 0.0578125
6 0.73828125 0.38515625 0.0390625 0.0734375
6 0.37578125 0.30859375 0.0328125 0.0625
6 0.7 0.38046875 0.04375 0.0734375
4 0.4953125 0.71328125 0.990625 0.5734375
5 0.9046875 0.459375 0.190625 0.203125
4 0.69921875 0.46953125 0.225 0.134375
5 0.58984375 0.35234375 0.109375 0.190625
7 0.4953125 0.33984375 0.1796875 0.2640625