6 0.21484375 0.4984375 0.034375 0.07734375
6 0.50546875 0.29609375 0.04375 0.08125
6 0.44296875 0.4 0.06875 0.121875
6 0.51640625 0.41640625 0.06796875 0.121875
6 0.490625 0.27265625 0.03203125 0.084375
6 0.48046875 0.39140625 0.03828125 0.11171875
6 0.5234375 0.384375 0.04609375 0.10859375
4 0.56484375 0.83984375 0.86484375 0.31484375
5 0.0671875 0.70078125 0.134375 0.2484375
5 0.81953125 0.53828125 0.10859375 0.06640625
5 0.95546875 0.53203125 0.08828125 0.05390625
3 0.48515625 0.58515625 0.31015625 0.2
7 0.27734375 0.465625 0.13828125 0.2515625