6 0.21953125 0.553125 0.0484375 0.0828125
6 0.46640625 0.2984375 0.0578125 0.0875
6 0.425 0.4125 0.090625 0.1328125
6 0.5 0.41484375 0.090625 0.1328125
6 0.44765625 0.27890625 0.046875 0.0890625
6 0.46015625 0.396875 0.059375 0.1171875
6 0.50078125 0.38203125 0.065625 0.115625
4 0.58671875 0.7921875 0.8265625 0.415625
5 0.11328125 0.7796875 0.1796875 0.26875
5 0.82109375 0.4765625 0.11875 0.0859375
5 0.95234375 0.44453125 0.0953125 0.0703125
3 0.5015625 0.58671875 0.3421875 0.25625
7 0.275 0.50859375 0.184375 0.2734375