5 0.0953125 0.75625 0.1625 0.2578125
5 0.95625 0.47890625 0.0875 0.0671875
6 0.4859375 0.29921875 0.053125 0.0890625
6 0.43671875 0.4203125 0.0875 0.1375
6 0.2 0.53671875 0.0484375 0.0890625
6 0.50234375 0.4296875 0.0703125 0.134375
6 0.471875 0.40625 0.0515625 0.121875
6 0.45859375 0.2296875 0.0328125 0.0390625
6 0.46796875 0.2828125 0.0421875 0.0828125
4 0.60078125 0.80703125 0.7984375 0.3859375
3 0.49296875 0.54765625 0.3234375 0.28125
5 0.83203125 0.49140625 0.0984375 0.0765625
7 0.2765625 0.49765625 0.1640625 0.253125