5 0.16171875 0.3078125 0.32265625 0.26796875
5 0.44453125 0.4296875 0.0484375 0.0953125
5 0.48671875 0.4328125 0.04453125 0.09765625
6 0.6421875 0.34609375 0.0296875 0.06640625
6 0.73828125 0.346875 0.025 0.05390625
6 0.7171875 0.34921875 0.02890625 0.06953125
6 0.34765625 0.33046875 0.02421875 0.059375
6 0.67890625 0.35078125 0.03359375 0.06875
4 0.5234375 0.74765625 0.94765625 0.50078125
5 0.90546875 0.39453125 0.18828125 0.1765625
4 0.6921875 0.4390625 0.21171875 0.10234375
5 0.565625 0.33984375 0.08203125 0.1796875
7 0.4703125 0.3421875 0.14296875 0.2453125