5 0.0671875 0.7046875 0.134375 0.24375
5 0.95703125 0.53515625 0.084375 0.0578125
6 0.51015625 0.29921875 0.04296875 0.084375
6 0.446875 0.41328125 0.07265625 0.12890625
6 0.19765625 0.5 0.03828125 0.084375
6 0.5109375 0.43046875 0.0546875 0.12890625
6 0.48359375 0.40390625 0.03671875 0.11796875
6 0.4921875 0.2265625 0.028125 0.03515625
6 0.49453125 0.28046875 0.0328125 0.07890625
4 0.5875 0.83671875 0.8203125 0.3203125
3 0.4875 0.54609375 0.2953125 0.24765625
5 0.83046875 0.53203125 0.09140625 0.06640625
7 0.27890625 0.4703125 0.13515625 0.2390625